705,4
703,4
25,4
26,4
4294967278,395
4294967294,1086
4294967279,302
4294967279,269
4294967278,404
4294967279,286
4294967294,1423
4294967278,161
4294967278,151
4294967294,1426
4294967278,414
4294967278,131
4294967278,127
4294967278,118
4294967278,236
4294967278,109
4294967278,416
4294967278,99
4294967278,98
4294967278,316
4294967278,356
4294967278,71
4294967278,300
4294967278,70
4294967278,344
4294967278,363
4294967278,358
4294967278,273
4294967278,401
4294967278,26
4294967278,403
4294967278,11
4294967278,4
4294967279,132
4294967279,130
4294967279,127
4294967279,122
4294967279,119
4294967279,109
4294967279,107
4294967279,98
4294967279,97
4294967279,96
4294967279,301
4294967279,287
4294967279,349
4294967279,353
4294967279,20
4294967294,399
4294967294,419
4294967294,178
4294967294,385
4294967294,1077
4294967294,413
4294967294,423
4294967294,400
4294967294,462
4294967294,184
4294967278,140
4294967278,284
4294967278,139
4294967279,347
4294967279,296
4294967278,392
4294967279,525
4294967278,264
4294967278,274
4294967278,325
4294967279,516
4294967278,321
4294967279,295
4294967279,238
4294967279,239
4294967278,350
4294967279,572
4294967279,231
4294967279,229
4294967278,348
4294967278,208
4294967278,263
4294967278,387
4294967279,562
4294967278,257
4294967279,294
4294967279,571
4294967278,187
4294967294,491
4294967278,292
4294967279,175
4294967278,137
4294967279,166
4294967279,162
4294967279,45
4294967279,356
4294967278,252
4294967278,336
4294967278,420
4294967278,434
4294967278,250
4294967279,570
4294967279,255
4294967294,412
4294967294,453
4294967294,416
4294967294,403
4294967294,470
4294967294,112
4294967279,247
4294967278,238
4294967279,568
4294967279,567
4294967279,281
4294967278,213
4294967278,214
4294967279,212
4294967279,565
4294967278,389
4294967278,332
4294967278,201
4294967278,248
4294967294,1074
4294967294,1157
4294967279,330
4294967279,188
4294967278,244
4294967278,69
4294967279,182
4294967278,67
4294967279,179
4294967279,176
4294967278,177
4294967279,178
4294967278,176
4294967279,177
4294967278,242
4294967278,170
4294967279,171
4294967278,169
4294967279,170
4294967278,163
4294967278,164
4294967279,544
1802,5
1802,4
1802,2
1802,1
4294967279,145
1799,5
1799,4
1799,2
1799,1
4294967294,490
1797,5
1797,4
4294967279,275
1797,2
1797,1
4294967278,281
4294967279,271
4294967278,265
1795,5
1795,4
1795,3
1795,2
1795,1
4294967279,333
1794,3
1794,2
1794,1
4294967278,64
4294967278,56
4294967278,51
4294967278,44
4294967278,40
4294967278,38
4294967278,30
4294967278,28
4294967278,17
4294967279,80
4294967279,79
4294967279,78
4294967279,76
4294967279,75
4294967279,68
4294967279,65
4294967279,56
4294967279,54
4294967279,52
4294967279,51
4294967279,40
4294967279,38
4294967279,29
4294967279,27
4294967279,17
4294967278,232
4294967279,380
4294967278,376
4294967279,283
4294967278,240
4294967279,530
4294967279,282
4294967279,227
4294967279,225
4294967279,221
4294967278,219
4294967279,219
4294967278,211
4294967278,234
4294967279,324
4294967278,206
4294967278,128
4294967278,400
4294967278,399
4294967278,113
4294967278,396
4294967278,412
4294967278,97
4294967278,318
4294967278,84
4294967278,60
4294967278,447
4294967278,49
4294967278,351
4294967278,35
4294967278,430
4294967278,24
4294967278,12
4294967278,260
4294967279,335
4294967279,285
4294967279,258
4294967279,309
4294967279,92
4294967279,85
4294967279,66
4294967279,62
4294967279,298
4294967279,60
4294967279,49
4294967279,277
4294967279,354
4294967279,202
4294967294,420
4294967294,1076
4294967279,90
4294967279,535
4294967278,283
4294967294,1245
4294967294,406
4294967294,167
4294967294,414
4294967294,467
4294967294,461
4294967294,465
4294967279,563
4294967279,372
4294967279,561
4294967279,81
4294967278,398
4294967279,560
4294967278,230
4294967279,69
4294967279,559
4294967279,180
4294967279,557
4294967279,555
4294967278,228
4294967278,393
4294967278,156
4294967278,226
4294967278,148
4294967279,148
4294967279,144
4294967278,224
4294967279,326
4294967279,139
4294967278,138
4294967278,268
4294967278,285
4294967279,554
4294967279,345
4294967278,222
4294967279,553
4294967278,16
4294967279,266
4294967279,262
4294967278,220
4294967279,336
4294967294,388
4294967278,390
4294967279,121
4294967279,325
4294967294,89
4294967294,489
4294967278,409
4294967278,218
4294967278,202
4294967279,552
4294967279,550
4294967278,216
4294967294,1072
4294967294,418
4294967294,448
4294967294,455
4294967294,456
4294967294,397
4294967279,73
4294967279,549
4294967279,547
4294967279,169
4294967278,167
4294967278,162
4294967278,149
4294967278,446
4294967278,136
4294967279,360
4294967279,546
4294967279,548
4294967279,10
4294967279,263
4294967279,344
4294967278,310
4294967279,519
4294967279,343
4294967278,253
4294967279,334
4294967278,217
4294967278,334
4294967278,207
4294967278,132
4294967278,129
4294967278,107
4294967278,83
4294967278,68
4294967278,58
4294967278,48
4294967278,47
4294967278,43
4294967278,34
4294967278,32
4294967278,31
4294967278,19
4294967278,18
4294967278,14
4294967278,9
4294967278,7
4294967278,6
4294967278,5
4294967279,564
4294967279,125
4294967279,123
4294967279,84
4294967279,82
4294967279,71
4294967279,28
4294967279,21
4294967279,18
4294967279,11
4294967279,8
4294967279,204
4294967279,200
4294967278,445
4294967294,488
4294967279,190
4294967279,187
4294967278,360
1762,4
4294967278,173
1762,3
1762,2
1762,1
4294967278,172
4294967279,173
4294967278,275
4294967279,517
4294967279,138
4294967278,444
4294967279,50
4294967279,47
4294967278,342
4294967279,357
4294967294,468
4294967279,328
4294967279,147
4294967278,388
4294967279,32
4294967279,141
4294967279,140
4294967278,266
4294967279,381
4294967294,437
4294967294,392
4294967279,313
4294967279,310
4294967294,401
4294967294,185
4294967294,1078
4294967279,515
4294967294,1427
4294967279,250
4294967278,241
4294967279,246
4294967278,231
4294967278,229
4294967278,227
4294967278,225
4294967294,1065
4294967294,186
4294967279,322
4294967279,280
4294967278,406
4294967278,429
4294967278,85
4294967278,82
4294967278,431
4294967278,63
4294967278,394
4294967278,408
4294967278,385
4294967278,314
4294967278,383
4294967278,415
4294967278,22
4294967278,21
4294967279,311
4294967279,378
4294967279,83
4294967279,157
4294967279,59
4294967279,57
4294967279,55
4294967279,528
4294967279,33
4294967279,13
4294967279,9
4294967278,210
4294967278,209
4294967279,210
4294967294,50
4294967279,540
0,5
4294967294,16
4294967294,37
4294967278,89
4294967278,317
4294967278,286
4294967279,195
4294967279,194
4294967279,192
4294967279,191
4294967294,68
4294967294,11
4294967278,443
4294967278,0
4294967279,551
